MIN_LOSS:3.10145162
MAX_ACCY:0.18883495
