MIN_LOSS:1945.77158488
MAX_ACCY:0.18883495
