MIN_LOSS:13.34257531
MAX_ACCY:0.18883495
