MIN_LOSS:2153.18467247
MAX_ACCY:0.18883495
