MIN_LOSS:59.51656876
MAX_ACCY:0.18883495
