MIN_LOSS:5.96520270
MAX_ACCY:0.18883495
