MIN_LOSS:6.75809960
MAX_ACCY:0.18883495
