MIN_LOSS:1.83572109
MAX_ACCY:0.18883495
