MIN_LOSS:1564672.00024272
MAX_ACCY:0.18883495
