MIN_LOSS:956144124.39611650
MAX_ACCY:0.17281553
