MIN_LOSS:306.97448162
MAX_ACCY:0.18883495
