MIN_LOSS:62.24109479
MAX_ACCY:0.18883495
