MIN_LOSS:6180721613.29708767
MAX_ACCY:0.18495146
