MIN_LOSS:8153.96324427
MAX_ACCY:0.18883495
