MIN_LOSS:150267.15907160
MAX_ACCY:0.18883495
