MIN_LOSS:25310423.47572815
MAX_ACCY:0.16699029
