MIN_LOSS:6413981548.86213589
MAX_ACCY:0.16699029
