MIN_LOSS:7.42894312
MAX_ACCY:0.18883495
