MIN_LOSS:2531.08454898
MAX_ACCY:0.18883495
