MIN_LOSS:3.68371580
MAX_ACCY:0.18883495
