MIN_LOSS:2.24568962
MAX_ACCY:0.18883495
