MIN_LOSS:46.87954922
MAX_ACCY:0.18883495
