MIN_LOSS:1.90372184
MAX_ACCY:0.18883495
