MIN_LOSS:2915.00139895
MAX_ACCY:0.18883495
