MIN_LOSS:23.52515219
MAX_ACCY:0.18883495
