MIN_LOSS:1.80797296
MAX_ACCY:0.18883495
