MIN_LOSS:2302.41962606
MAX_ACCY:0.18495146
