MIN_LOSS:17878.07934618
MAX_ACCY:0.18883495
