MIN_LOSS:1.79418587
MAX_ACCY:0.18883495
