MIN_LOSS:1.80477876
MAX_ACCY:0.18883495
