MIN_LOSS:67.24181877
MAX_ACCY:0.18883495
