MIN_LOSS:22.79782422
MAX_ACCY:0.18883495
