MIN_LOSS:643.97021484
MAX_ACCY:0.18883495
