MIN_LOSS:337.50186821
MAX_ACCY:0.18883495
