MIN_LOSS:1.78754649
MAX_ACCY:0.18883495
