MIN_LOSS:204.72089266
MAX_ACCY:0.18495146
