MIN_LOSS:336832.45412621
MAX_ACCY:0.18883495
