MIN_LOSS:1.82524474
MAX_ACCY:0.18883495
