MIN_LOSS:21289.89902154
MAX_ACCY:0.18883495
