MIN_LOSS:80560284.28737864
MAX_ACCY:0.18495146
