MIN_LOSS:22.37038213
MAX_ACCY:0.18883495
