MIN_LOSS:2.48275759
MAX_ACCY:0.18883495
