MIN_LOSS:23149.95267370
MAX_ACCY:0.18883495
