MIN_LOSS:23621.18599818
MAX_ACCY:0.18883495
