MIN_LOSS:29221890.40000000
MAX_ACCY:0.18883495
