MIN_LOSS:690.87503721
MAX_ACCY:0.18883495
