MIN_LOSS:1.87521786
MAX_ACCY:0.18883495
