MIN_LOSS:341.95724262
MAX_ACCY:0.18495146
