MIN_LOSS:1.79106107
MAX_ACCY:0.18883495
