MIN_LOSS:27197.94364760
MAX_ACCY:0.18883495
