MIN_LOSS:167336631.14563107
MAX_ACCY:0.18883495
