MIN_LOSS:1.78749390
MAX_ACCY:0.18883495
