MIN_LOSS:16808.92787659
MAX_ACCY:0.18883495
