MIN_LOSS:1.79598187
MAX_ACCY:0.18883495
