MIN_LOSS:1.80596433
MAX_ACCY:0.18883495
