MIN_LOSS:4.91555836
MAX_ACCY:0.18883495
