MIN_LOSS:3.22731913
MAX_ACCY:0.18883495
