MIN_LOSS:1778.72847723
MAX_ACCY:0.18883495
