MIN_LOSS:9.18428719
MAX_ACCY:0.18883495
