MIN_LOSS:1893333431489382055936.00000000
MAX_ACCY:0.16699029
