MIN_LOSS:2.28927240
MAX_ACCY:0.18883495
