MIN_LOSS:142854.30773665
MAX_ACCY:0.18883495
