MIN_LOSS:1736.17298193
MAX_ACCY:0.18883495
