MIN_LOSS:1.80464081
MAX_ACCY:0.18883495
