MIN_LOSS:1.82263819
MAX_ACCY:0.18883495
