MIN_LOSS:2.56614946
MAX_ACCY:0.18883495
