MIN_LOSS:29099.35866960
MAX_ACCY:0.17281553
