MIN_LOSS:763.03754563
MAX_ACCY:0.18883495
