MIN_LOSS:12.67274228
MAX_ACCY:0.18883495
