MIN_LOSS:1.78885217
MAX_ACCY:0.18883495
