MIN_LOSS:3.77458471
MAX_ACCY:0.18883495
