MIN_LOSS:732.45652164
MAX_ACCY:0.18883495
