MIN_LOSS:164.16158459
MAX_ACCY:0.18883495
