MIN_LOSS:41.86737274
MAX_ACCY:0.18883495
