MIN_LOSS:1.79367000
MAX_ACCY:0.18883495
