MIN_LOSS:1.98771138
MAX_ACCY:0.18883495
