MIN_LOSS:1336882322.64077663
MAX_ACCY:0.18883495
