MIN_LOSS:22069.55597694
MAX_ACCY:0.18495146
