MIN_LOSS:1230839.87281553
MAX_ACCY:0.16699029
