MIN_LOSS:5740.02702044
MAX_ACCY:0.18883495
