MIN_LOSS:296.06876114
MAX_ACCY:0.18883495
