MIN_LOSS:27.38847816
MAX_ACCY:0.18883495
