MIN_LOSS:6.24738750
MAX_ACCY:0.18883495
