MIN_LOSS:4.28765464
MAX_ACCY:0.18883495
