MIN_LOSS:70.57932876
MAX_ACCY:0.18883495
