MIN_LOSS:1.80685734
MAX_ACCY:0.18883495
