MIN_LOSS:31.35503620
MAX_ACCY:0.18883495
