MIN_LOSS:1.84375110
MAX_ACCY:0.18883495
