MIN_LOSS:1.89095852
MAX_ACCY:0.18883495
