MIN_LOSS:2.15761507
MAX_ACCY:0.18883495
