MIN_LOSS:1.97630853
MAX_ACCY:0.18883495
