MIN_LOSS:26844.85685662
MAX_ACCY:0.18883495
