MIN_LOSS:497017.84514563
MAX_ACCY:0.18883495
