MIN_LOSS:2151.18692876
MAX_ACCY:0.18883495
