MIN_LOSS:4577188681.56893158
MAX_ACCY:0.16699029
