MIN_LOSS:476.15226203
MAX_ACCY:0.18883495
