MIN_LOSS:9.03965982
MAX_ACCY:0.18883495
