MIN_LOSS:1.79001290
MAX_ACCY:0.18883495
