MIN_LOSS:3011.59707363
MAX_ACCY:0.18883495
