MIN_LOSS:5.74026827
MAX_ACCY:0.18883495
