MIN_LOSS:1.81293820
MAX_ACCY:0.18883495
