MIN_LOSS:27635.49930218
MAX_ACCY:0.18883495
