MIN_LOSS:5.11961250
MAX_ACCY:0.18883495
