MIN_LOSS:4279.15825338
MAX_ACCY:0.18883495
