MIN_LOSS:224.36532018
MAX_ACCY:0.16699029
