MIN_LOSS:4578.58918101
MAX_ACCY:0.18883495
