MIN_LOSS:18.08825519
MAX_ACCY:0.18883495
