MIN_LOSS:21373.39357934
MAX_ACCY:0.18883495
