MIN_LOSS:10.19264337
MAX_ACCY:0.18883495
