MIN_LOSS:63.27455609
MAX_ACCY:0.18883495
