MIN_LOSS:14819.84930218
MAX_ACCY:0.18495146
