MIN_LOSS:175.94957761
MAX_ACCY:0.18883495
