MIN_LOSS:13.60067660
MAX_ACCY:0.18883495
