MIN_LOSS:791983.23774272
MAX_ACCY:0.18543689
