MIN_LOSS:24978.23128034
MAX_ACCY:0.18883495
