MIN_LOSS:249.14283625
MAX_ACCY:0.18883495
