MIN_LOSS:14.64075247
MAX_ACCY:0.18883495
