MIN_LOSS:1.79523825
MAX_ACCY:0.18883495
