MIN_LOSS:3061.18527287
MAX_ACCY:0.18883495
