MIN_LOSS:1.84581982
MAX_ACCY:0.18883495
