MIN_LOSS:2.96517114
MAX_ACCY:0.18883495
