MIN_LOSS:24218.18769342
MAX_ACCY:0.18883495
