MIN_LOSS:1.79650542
MAX_ACCY:0.18883495
