MIN_LOSS:1.91479302
MAX_ACCY:0.18883495
