MIN_LOSS:868.10676877
MAX_ACCY:0.18883495
