MIN_LOSS:8.10980019
MAX_ACCY:0.18883495
