MIN_LOSS:1.97993900
MAX_ACCY:0.18883495
