MIN_LOSS:22.13108351
MAX_ACCY:0.18883495
