MIN_LOSS:1122617597.51456308
MAX_ACCY:0.18495146
