MIN_LOSS:1.78727643
MAX_ACCY:0.18883495
