MIN_LOSS:43.29986786
MAX_ACCY:0.18883495
