MIN_LOSS:300478017.18058252
MAX_ACCY:0.18495146
