MIN_LOSS:106.63017880
MAX_ACCY:0.18883495
