MIN_LOSS:60.83073765
MAX_ACCY:0.18883495
