MIN_LOSS:922.57245229
MAX_ACCY:0.17281553
