MIN_LOSS:195346.94535801
MAX_ACCY:0.18883495
