MIN_LOSS:468.47712189
MAX_ACCY:0.18883495
