MIN_LOSS:4.52254123
MAX_ACCY:0.18883495
