MIN_LOSS:1.80628507
MAX_ACCY:0.18883495
