MIN_LOSS:1.82731202
MAX_ACCY:0.18495146
