MIN_LOSS:56.31377246
MAX_ACCY:0.18883495
