MIN_LOSS:1.78720276
MAX_ACCY:0.18883495
