MIN_LOSS:2268.80923871
MAX_ACCY:0.18883495
