MIN_LOSS:12558.97736650
MAX_ACCY:0.18883495
