MIN_LOSS:326.00547444
MAX_ACCY:0.35533981
