MIN_LOSS:164952666.50097087
MAX_ACCY:0.18495146
