MIN_LOSS:153.03794126
MAX_ACCY:0.18883495
