MIN_LOSS:4944.00964995
MAX_ACCY:0.18883495
