MIN_LOSS:31.36306511
MAX_ACCY:0.18883495
