MIN_LOSS:1.81218917
MAX_ACCY:0.18883495
