MIN_LOSS:160.36917079
MAX_ACCY:0.18883495
