MIN_LOSS:1.83990711
MAX_ACCY:0.18883495
