MIN_LOSS:1141020585.87961173
MAX_ACCY:0.17281553
