MIN_LOSS:44678859330442780360593832411136.00000000
MAX_ACCY:0.16699029
