MIN_LOSS:22.40025945
MAX_ACCY:0.18883495
