MIN_LOSS:1.96320993
MAX_ACCY:0.18883495
