MIN_LOSS:308486.11674757
MAX_ACCY:0.18883495
