MIN_LOSS:1.93492589
MAX_ACCY:0.18883495
