MIN_LOSS:143508.16981189
MAX_ACCY:0.18883495
