MIN_LOSS:3897.51979672
MAX_ACCY:0.18883495
