MIN_LOSS:6489.37548449
MAX_ACCY:0.18883495
