MIN_LOSS:26.29343948
MAX_ACCY:0.18883495
