MIN_LOSS:1.87267487
MAX_ACCY:0.18883495
