MIN_LOSS:1.81175274
MAX_ACCY:0.18883495
