MIN_LOSS:750.72540200
MAX_ACCY:0.18883495
