MIN_LOSS:144.85205597
MAX_ACCY:0.18883495
