MIN_LOSS:11604.05757547
MAX_ACCY:0.18495146
