MIN_LOSS:75648.81516232
MAX_ACCY:0.18883495
