MIN_LOSS:17.10999982
MAX_ACCY:0.18883495
