MIN_LOSS:16.85062376
MAX_ACCY:0.18883495
