MIN_LOSS:42641.83792476
MAX_ACCY:0.18883495
