MIN_LOSS:342.62415306
MAX_ACCY:0.18495146
