MIN_LOSS:5.35279947
MAX_ACCY:0.18883495
