MIN_LOSS:223466488.51262137
MAX_ACCY:0.23155340
