MIN_LOSS:457.28551120
MAX_ACCY:0.17281553
