MIN_LOSS:14.14461085
MAX_ACCY:0.18883495
