MIN_LOSS:1.80503344
MAX_ACCY:0.18883495
