MIN_LOSS:34.58587050
MAX_ACCY:0.18883495
