MIN_LOSS:9125.59903481
MAX_ACCY:0.18883495
