MIN_LOSS:2821937232946569.00000000
MAX_ACCY:0.18495146
