MIN_LOSS:666.44598045
MAX_ACCY:0.18883495
