MIN_LOSS:468.84472443
MAX_ACCY:0.18883495
