MIN_LOSS:12161.17615481
MAX_ACCY:0.18883495
