MIN_LOSS:6.14833222
MAX_ACCY:0.18883495
