MIN_LOSS:11.59427649
MAX_ACCY:0.18883495
