MIN_LOSS:1.89852389
MAX_ACCY:0.18883495
