MIN_LOSS:8.65695330
MAX_ACCY:0.18883495
