MIN_LOSS:1.80356190
MAX_ACCY:0.18883495
