MIN_LOSS:1.80947210
MAX_ACCY:0.18883495
