MIN_LOSS:331128.92560680
MAX_ACCY:0.18883495
