MIN_LOSS:93.07691830
MAX_ACCY:0.18883495
