MIN_LOSS:2.06449097
MAX_ACCY:0.18883495
