MIN_LOSS:1.89584938
MAX_ACCY:0.18883495
