MIN_LOSS:1.80508579
MAX_ACCY:0.18883495
