MIN_LOSS:485.34234400
MAX_ACCY:0.18883495
