MIN_LOSS:12.01333707
MAX_ACCY:0.18883495
