MIN_LOSS:89.69849816
MAX_ACCY:0.18883495
