MIN_LOSS:1.83095824
MAX_ACCY:0.18883495
