MIN_LOSS:234815.41668689
MAX_ACCY:0.18883495
