MIN_LOSS:152.76735535
MAX_ACCY:0.18883495
