MIN_LOSS:8686.22608275
MAX_ACCY:0.18883495
