MIN_LOSS:1.78841704
MAX_ACCY:0.18883495
