MIN_LOSS:11721.39235058
MAX_ACCY:0.18883495
