MIN_LOSS:9784466.51747573
MAX_ACCY:0.18883495
