MIN_LOSS:4410.01590659
MAX_ACCY:0.18883495
