MIN_LOSS:4.84298247
MAX_ACCY:0.18883495
