MIN_LOSS:9.05636388
MAX_ACCY:0.18883495
