MIN_LOSS:49.94636325
MAX_ACCY:0.18495146
