MIN_LOSS:31.94446539
MAX_ACCY:0.18883495
