MIN_LOSS:1.90764554
MAX_ACCY:0.18883495
