MIN_LOSS:26.00276157
MAX_ACCY:0.18883495
