MIN_LOSS:23.28904383
MAX_ACCY:0.18883495
