MIN_LOSS:94.17444892
MAX_ACCY:0.18883495
