MIN_LOSS:297960.87254248
MAX_ACCY:0.18883495
