MIN_LOSS:11.28446617
MAX_ACCY:0.18883495
