MIN_LOSS:8.83248125
MAX_ACCY:0.18883495
