MIN_LOSS:1.78782554
MAX_ACCY:0.18883495
