MIN_LOSS:2.95941530
MAX_ACCY:0.18883495
