MIN_LOSS:1.78831565
MAX_ACCY:0.18883495
