MIN_LOSS:2.38289139
MAX_ACCY:0.18883495
