MIN_LOSS:1.81865302
MAX_ACCY:0.18883495
