MIN_LOSS:1.87691318
MAX_ACCY:0.18883495
