MIN_LOSS:50.85504972
MAX_ACCY:0.18883495
