MIN_LOSS:369.65534295
MAX_ACCY:0.18883495
