MIN_LOSS:12.91592586
MAX_ACCY:0.18883495
