MIN_LOSS:292.88130354
MAX_ACCY:0.18883495
