MIN_LOSS:526.85045581
MAX_ACCY:0.18883495
