MIN_LOSS:1.93453247
MAX_ACCY:0.18883495
