MIN_LOSS:1.78648883
MAX_ACCY:0.18883495
