MIN_LOSS:2.50848789
MAX_ACCY:0.18883495
