MIN_LOSS:3652.60944611
MAX_ACCY:0.18883495
