MIN_LOSS:2.19863196
MAX_ACCY:0.18883495
