MIN_LOSS:399.12692237
MAX_ACCY:0.18883495
