MIN_LOSS:11.64381672
MAX_ACCY:0.18883495
