MIN_LOSS:119.50587426
MAX_ACCY:0.18883495
