MIN_LOSS:6519.84886889
MAX_ACCY:0.18883495
