MIN_LOSS:1.87044955
MAX_ACCY:0.18883495
