MIN_LOSS:1.90158372
MAX_ACCY:0.18883495
