MIN_LOSS:12408.89827632
MAX_ACCY:0.18883495
