MIN_LOSS:4.18978871
MAX_ACCY:0.18883495
