MIN_LOSS:1.79916045
MAX_ACCY:0.18883495
