MIN_LOSS:328.45125866
MAX_ACCY:0.18883495
