MIN_LOSS:591113.23106796
MAX_ACCY:0.18883495
