MIN_LOSS:1.79083189
MAX_ACCY:0.18883495
