MIN_LOSS:27.89853667
MAX_ACCY:0.18883495
