MIN_LOSS:1637.43442193
MAX_ACCY:0.18883495
