MIN_LOSS:3402.15495392
MAX_ACCY:0.33349515
