MIN_LOSS:19931492292.34951401
MAX_ACCY:0.16699029
