MIN_LOSS:28722.13599818
MAX_ACCY:0.18883495
