MIN_LOSS:73651.45660649
MAX_ACCY:0.18883495
