MIN_LOSS:460468.47402913
MAX_ACCY:0.18883495
