MIN_LOSS:1.78901057
MAX_ACCY:0.18883495
