MIN_LOSS:5.30101673
MAX_ACCY:0.18883495
