MIN_LOSS:21.01852186
MAX_ACCY:0.18883495
