MIN_LOSS:7101.76410611
MAX_ACCY:0.18883495
