MIN_LOSS:1.84869967
MAX_ACCY:0.18883495
