MIN_LOSS:26.50954802
MAX_ACCY:0.18883495
