MIN_LOSS:18.62955669
MAX_ACCY:0.18883495
