MIN_LOSS:5.91154314
MAX_ACCY:0.18883495
