MIN_LOSS:17.07317683
MAX_ACCY:0.18883495
