MIN_LOSS:2184.50939728
MAX_ACCY:0.18883495
