MIN_LOSS:2.42665081
MAX_ACCY:0.18883495
