MIN_LOSS:1.80595013
MAX_ACCY:0.18883495
