MIN_LOSS:310.43440910
MAX_ACCY:0.18883495
