MIN_LOSS:1000.29495530
MAX_ACCY:0.18883495
