MIN_LOSS:24.00914279
MAX_ACCY:0.18883495
