MIN_LOSS:2.32568749
MAX_ACCY:0.18883495
