MIN_LOSS:50959.96792324
MAX_ACCY:0.17281553
