MIN_LOSS:4665.01378186
MAX_ACCY:0.18883495
