MIN_LOSS:1.79949951
MAX_ACCY:0.18883495
