MIN_LOSS:24888404.15922330
MAX_ACCY:0.18883495
