MIN_LOSS:6.87637691
MAX_ACCY:0.18883495
