MIN_LOSS:1.80096303
MAX_ACCY:0.18883495
