MIN_LOSS:1.86407691
MAX_ACCY:0.18883495
