MIN_LOSS:45.41078369
MAX_ACCY:0.17281553
