MIN_LOSS:1.87641994
MAX_ACCY:0.18883495
