MIN_LOSS:2799.54364428
MAX_ACCY:0.18883495
