MIN_LOSS:11.36855611
MAX_ACCY:0.18883495
