MIN_LOSS:2235.21891568
MAX_ACCY:0.18883495
