MIN_LOSS:1.92118658
MAX_ACCY:0.18883495
