MIN_LOSS:1.80399039
MAX_ACCY:0.18883495
