MIN_LOSS:26.29832962
MAX_ACCY:0.18883495
