MIN_LOSS:221883.97721481
MAX_ACCY:0.18883495
