MIN_LOSS:1.86349148
MAX_ACCY:0.18883495
