MIN_LOSS:6.38476400
MAX_ACCY:0.18883495
