MIN_LOSS:2.82034187
MAX_ACCY:0.18883495
