MIN_LOSS:2024.59455803
MAX_ACCY:0.18883495
