MIN_LOSS:6694657.36990291
MAX_ACCY:0.18883495
