MIN_LOSS:23569.51341019
MAX_ACCY:0.18495146
