MIN_LOSS:3.10887070
MAX_ACCY:0.18883495
