MIN_LOSS:21.69676985
MAX_ACCY:0.18883495
