MIN_LOSS:1.80628956
MAX_ACCY:0.18883495
