MIN_LOSS:205.06570912
MAX_ACCY:0.18883495
