MIN_LOSS:1.81695603
MAX_ACCY:0.18883495
