MIN_LOSS:453.36163295
MAX_ACCY:0.18883495
