MIN_LOSS:5.35633062
MAX_ACCY:0.18883495
