MIN_LOSS:9.57163160
MAX_ACCY:0.18883495
