MIN_LOSS:59.29531179
MAX_ACCY:0.18883495
