MIN_LOSS:1070.72878845
MAX_ACCY:0.18495146
