MIN_LOSS:26.08383165
MAX_ACCY:0.18883495
