MIN_LOSS:6789.33127465
MAX_ACCY:0.18883495
