MIN_LOSS:1.87915862
MAX_ACCY:0.18883495
