MIN_LOSS:7.55056879
MAX_ACCY:0.18883495
