MIN_LOSS:3.74205479
MAX_ACCY:0.18883495
