MIN_LOSS:1.78582432
MAX_ACCY:0.18883495
