MIN_LOSS:618038.74939320
MAX_ACCY:0.16699029
