MIN_LOSS:2297.78745449
MAX_ACCY:0.18883495
