MIN_LOSS:3889564.07864078
MAX_ACCY:0.18883495
