MIN_LOSS:81.26046769
MAX_ACCY:0.18883495
