MIN_LOSS:45354.77282312
MAX_ACCY:0.18883495
