MIN_LOSS:12214.11405302
MAX_ACCY:0.18883495
