MIN_LOSS:7965.62256144
MAX_ACCY:0.18883495
