MIN_LOSS:4.44736726
MAX_ACCY:0.18883495
