MIN_LOSS:1.80686319
MAX_ACCY:0.18883495
