MIN_LOSS:19.00251150
MAX_ACCY:0.18883495
