MIN_LOSS:757.46697287
MAX_ACCY:0.18883495
