MIN_LOSS:3.30835777
MAX_ACCY:0.18883495
