MIN_LOSS:5.24263947
MAX_ACCY:0.18883495
