MIN_LOSS:4.83960156
MAX_ACCY:0.18883495
