MIN_LOSS:14509774.00000000
MAX_ACCY:0.18883495
