MIN_LOSS:1325.82450769
MAX_ACCY:0.18883495
