MIN_LOSS:181.22457240
MAX_ACCY:0.18883495
