MIN_LOSS:1157.73341195
MAX_ACCY:0.18883495
