MIN_LOSS:9734.31910649
MAX_ACCY:0.18883495
