MIN_LOSS:1.82376424
MAX_ACCY:0.18883495
