MIN_LOSS:37.33776030
MAX_ACCY:0.18883495
