MIN_LOSS:1.80177202
MAX_ACCY:0.18883495
