MIN_LOSS:1.79396130
MAX_ACCY:0.18883495
