MIN_LOSS:161.24174009
MAX_ACCY:0.18883495
