MIN_LOSS:1.78673589
MAX_ACCY:0.18883495
