MIN_LOSS:894.33295175
MAX_ACCY:0.18883495
