MIN_LOSS:110476.57424150
MAX_ACCY:0.16699029
