MIN_LOSS:192.72493218
MAX_ACCY:0.18883495
