MIN_LOSS:1244223.22451456
MAX_ACCY:0.18883495
