MIN_LOSS:648403.13106796
MAX_ACCY:0.18883495
