MIN_LOSS:1.80721457
MAX_ACCY:0.18883495
