MIN_LOSS:1282.41404970
MAX_ACCY:0.18883495
