MIN_LOSS:76214.14546420
MAX_ACCY:0.18883495
