MIN_LOSS:218.82175693
MAX_ACCY:0.18883495
