MIN_LOSS:1575.82993662
MAX_ACCY:0.18883495
