MIN_LOSS:2.11851184
MAX_ACCY:0.18883495
