MIN_LOSS:1.81936244
MAX_ACCY:0.18883495
