MIN_LOSS:7812.79969660
MAX_ACCY:0.18883495
