MIN_LOSS:10.29677414
MAX_ACCY:0.18883495
