MIN_LOSS:1.82896552
MAX_ACCY:0.18883495
