MIN_LOSS:11.71624325
MAX_ACCY:0.18883495
