MIN_LOSS:1.79973518
MAX_ACCY:0.18883495
