MIN_LOSS:1.82856399
MAX_ACCY:0.18883495
