MIN_LOSS:852.22637643
MAX_ACCY:0.18883495
