MIN_LOSS:211.99255955
MAX_ACCY:0.18883495
