MIN_LOSS:1.87206292
MAX_ACCY:0.18883495
