MIN_LOSS:2.43469301
MAX_ACCY:0.18883495
