MIN_LOSS:18.96924413
MAX_ACCY:0.18883495
