MIN_LOSS:17448.79344660
MAX_ACCY:0.18883495
