MIN_LOSS:1230557.08665049
MAX_ACCY:0.18883495
