MIN_LOSS:50565.65052336
MAX_ACCY:0.18495146
