MIN_LOSS:28.19348491
MAX_ACCY:0.18883495
