MIN_LOSS:272617608.94757283
MAX_ACCY:0.18883495
