MIN_LOSS:2.72405048
MAX_ACCY:0.18883495
