MIN_LOSS:2.09527206
MAX_ACCY:0.18883495
