MIN_LOSS:62246057.09514563
MAX_ACCY:0.17281553
