MIN_LOSS:1778.43168376
MAX_ACCY:0.18883495
