MIN_LOSS:34081.92622118
MAX_ACCY:0.16699029
