MIN_LOSS:5.82916161
MAX_ACCY:0.18883495
