MIN_LOSS:1.79200073
MAX_ACCY:0.18883495
