MIN_LOSS:184.70470839
MAX_ACCY:0.18883495
