MIN_LOSS:3.03716710
MAX_ACCY:0.18883495
