MIN_LOSS:18327.57492036
MAX_ACCY:0.18883495
