MIN_LOSS:140.89543753
MAX_ACCY:0.18883495
