MIN_LOSS:522.26950500
MAX_ACCY:0.18883495
