MIN_LOSS:1.78606160
MAX_ACCY:0.18883495
