MIN_LOSS:1.79004094
MAX_ACCY:0.18883495
