MIN_LOSS:1.80654135
MAX_ACCY:0.18883495
