MIN_LOSS:155371.36853762
MAX_ACCY:0.18883495
