MIN_LOSS:252143.49793689
MAX_ACCY:0.18883495
