MIN_LOSS:19.79297197
MAX_ACCY:0.18883495
