MIN_LOSS:16.71169394
MAX_ACCY:0.18883495
