MIN_LOSS:647.42024234
MAX_ACCY:0.18883495
