MIN_LOSS:5509.67884083
MAX_ACCY:0.18883495
