MIN_LOSS:10.05920107
MAX_ACCY:0.18883495
