MIN_LOSS:3.28591779
MAX_ACCY:0.18883495
