MIN_LOSS:17.68512815
MAX_ACCY:0.18883495
