MIN_LOSS:779.36157701
MAX_ACCY:0.18883495
