MIN_LOSS:49.83028428
MAX_ACCY:0.18883495
