MIN_LOSS:160254858.64077669
MAX_ACCY:0.18883495
