MIN_LOSS:4.44603070
MAX_ACCY:0.18883495
