MIN_LOSS:25.71694795
MAX_ACCY:0.18883495
