MIN_LOSS:136.41292162
MAX_ACCY:0.18883495
