MIN_LOSS:364.24899008
MAX_ACCY:0.18495146
