MIN_LOSS:9623.79323802
MAX_ACCY:0.16699029
