MIN_LOSS:66851621796554020551421423712731136.00000000
MAX_ACCY:0.16699029
