MIN_LOSS:1.82569879
MAX_ACCY:0.18883495
