MIN_LOSS:18.67617112
MAX_ACCY:0.18883495
