MIN_LOSS:13722510.60776699
MAX_ACCY:0.16699029
