MIN_LOSS:2.04764282
MAX_ACCY:0.18883495
