MIN_LOSS:11.21385977
MAX_ACCY:0.18883495
