MIN_LOSS:1.80877869
MAX_ACCY:0.18883495
