MIN_LOSS:1.79224359
MAX_ACCY:0.18883495
