MIN_LOSS:1.78903310
MAX_ACCY:0.18883495
