MIN_LOSS:662.57096783
MAX_ACCY:0.18883495
