MIN_LOSS:5.36295907
MAX_ACCY:0.18883495
