MIN_LOSS:54.67076902
MAX_ACCY:0.18883495
