MIN_LOSS:2.08187090
MAX_ACCY:0.18883495
