MIN_LOSS:17832854.99223301
MAX_ACCY:0.18883495
