MIN_LOSS:30.50102748
MAX_ACCY:0.18883495
