MIN_LOSS:115.65485884
MAX_ACCY:0.18883495
