MIN_LOSS:1.86461948
MAX_ACCY:0.18883495
