MIN_LOSS:1.80026068
MAX_ACCY:0.18883495
