MIN_LOSS:36.52894899
MAX_ACCY:0.18883495
