MIN_LOSS:1.80925298
MAX_ACCY:0.18883495
