MIN_LOSS:153299.41042172
MAX_ACCY:0.18883495
