MIN_LOSS:1.80779408
MAX_ACCY:0.18883495
