MIN_LOSS:3.22254124
MAX_ACCY:0.18883495
