MIN_LOSS:43.49480488
MAX_ACCY:0.18883495
