MIN_LOSS:4.31282578
MAX_ACCY:0.18883495
