MIN_LOSS:917.51177990
MAX_ACCY:0.18883495
