MIN_LOSS:3957.61761178
MAX_ACCY:0.18883495
