MIN_LOSS:1.80837018
MAX_ACCY:0.18883495
