MIN_LOSS:4.12284578
MAX_ACCY:0.18883495
