MIN_LOSS:1401.24207965
MAX_ACCY:0.18883495
