MIN_LOSS:1.78765942
MAX_ACCY:0.18883495
