MIN_LOSS:2.66995460
MAX_ACCY:0.18883495
