MIN_LOSS:352864.53865291
MAX_ACCY:0.16699029
