MIN_LOSS:7.02024409
MAX_ACCY:0.18883495
