MIN_LOSS:102920.78592233
MAX_ACCY:0.18495146
