MIN_LOSS:37754.36516990
MAX_ACCY:0.17281553
