MIN_LOSS:345.81235926
MAX_ACCY:0.18883495
