MIN_LOSS:255.37461103
MAX_ACCY:0.18883495
