MIN_LOSS:2262.49632272
MAX_ACCY:0.18495146
