MIN_LOSS:38140.77502275
MAX_ACCY:0.18883495
