MIN_LOSS:8.26931410
MAX_ACCY:0.18883495
