MIN_LOSS:3.50855659
MAX_ACCY:0.18883495
