MIN_LOSS:1513.11177635
MAX_ACCY:0.18883495
