MIN_LOSS:10403.34639904
MAX_ACCY:0.18883495
