MIN_LOSS:1.90013250
MAX_ACCY:0.18883495
