MIN_LOSS:25.86313457
MAX_ACCY:0.18883495
