MIN_LOSS:1.80273178
MAX_ACCY:0.18883495
