MIN_LOSS:392979.14053398
MAX_ACCY:0.17281553
