MIN_LOSS:1.79963390
MAX_ACCY:0.18883495
