MIN_LOSS:17.15280149
MAX_ACCY:0.18883495
