MIN_LOSS:46.89781978
MAX_ACCY:0.18883495
