MIN_LOSS:2.63324678
MAX_ACCY:0.18883495
