MIN_LOSS:9.97215915
MAX_ACCY:0.18883495
