MIN_LOSS:1.83245155
MAX_ACCY:0.18883495
