MIN_LOSS:31331.16034208
MAX_ACCY:0.18883495
