MIN_LOSS:18.30999424
MAX_ACCY:0.18883495
