MIN_LOSS:55.18260354
MAX_ACCY:0.18883495
