MIN_LOSS:489.61022410
MAX_ACCY:0.18883495
