MIN_LOSS:9.23889771
MAX_ACCY:0.18883495
