MIN_LOSS:33480325418.25242615
MAX_ACCY:0.18883495
