MIN_LOSS:823.69745525
MAX_ACCY:0.18883495
