MIN_LOSS:314.25179834
MAX_ACCY:0.18883495
