MIN_LOSS:189.04847424
MAX_ACCY:0.18883495
