MIN_LOSS:3568.07623919
MAX_ACCY:0.18883495
