MIN_LOSS:685.11498822
MAX_ACCY:0.18883495
