MIN_LOSS:875.86333837
MAX_ACCY:0.18883495
