MIN_LOSS:20.03940673
MAX_ACCY:0.18883495
