MIN_LOSS:230.96445434
MAX_ACCY:0.32815534
