MIN_LOSS:1.85288375
MAX_ACCY:0.18883495
