MIN_LOSS:46.43123922
MAX_ACCY:0.18883495
