MIN_LOSS:151472.55306432
MAX_ACCY:0.18883495
