MIN_LOSS:1.82191236
MAX_ACCY:0.18883495
