MIN_LOSS:1.81904376
MAX_ACCY:0.18883495
