MIN_LOSS:1.78785212
MAX_ACCY:0.18883495
