MIN_LOSS:1.79439017
MAX_ACCY:0.18883495
