MIN_LOSS:4217865342.75728178
MAX_ACCY:0.16699029
