MIN_LOSS:1.79123992
MAX_ACCY:0.18883495
