MIN_LOSS:2.01743947
MAX_ACCY:0.18883495
