MIN_LOSS:8.47420305
MAX_ACCY:0.18883495
