MIN_LOSS:1.98825373
MAX_ACCY:0.18883495
