MIN_LOSS:5493.30920718
MAX_ACCY:0.18883495
