MIN_LOSS:67781.49466019
MAX_ACCY:0.18883495
