MIN_LOSS:17.46306807
MAX_ACCY:0.18883495
