MIN_LOSS:1.90747028
MAX_ACCY:0.18883495
