MIN_LOSS:1.78761944
MAX_ACCY:0.18883495
