MIN_LOSS:7070.93756826
MAX_ACCY:0.18883495
