MIN_LOSS:303099372.17864078
MAX_ACCY:0.18883495
