MIN_LOSS:1.79558385
MAX_ACCY:0.18883495
