MIN_LOSS:52.63230950
MAX_ACCY:0.18883495
