MIN_LOSS:9078.44073688
MAX_ACCY:0.18883495
