MIN_LOSS:2.15121907
MAX_ACCY:0.18883495
