MIN_LOSS:10560679.45631068
MAX_ACCY:0.18883495
