MIN_LOSS:7.36705583
MAX_ACCY:0.18883495
