MIN_LOSS:10.38946363
MAX_ACCY:0.18883495
