MIN_LOSS:4.14872556
MAX_ACCY:0.18883495
