MIN_LOSS:2728.14398537
MAX_ACCY:0.18883495
