MIN_LOSS:125.04750233
MAX_ACCY:0.18883495
