MIN_LOSS:683.96962274
MAX_ACCY:0.18883495
