MIN_LOSS:1.89674598
MAX_ACCY:0.18883495
