MIN_LOSS:50.63164101
MAX_ACCY:0.18883495
