MIN_LOSS:4.22562642
MAX_ACCY:0.18883495
