MIN_LOSS:140.19492190
MAX_ACCY:0.18883495
