MIN_LOSS:1.78872290
MAX_ACCY:0.18883495
