MIN_LOSS:177.75324359
MAX_ACCY:0.18883495
