MIN_LOSS:1480.81587815
MAX_ACCY:0.18883495
