MIN_LOSS:8.15588772
MAX_ACCY:0.18883495
