MIN_LOSS:1854.75215484
MAX_ACCY:0.18883495
