MIN_LOSS:1.96846905
MAX_ACCY:0.18883495
