MIN_LOSS:16.07968065
MAX_ACCY:0.18883495
