MIN_LOSS:3421.68553976
MAX_ACCY:0.18883495
