MIN_LOSS:41.38829702
MAX_ACCY:0.18883495
