MIN_LOSS:119.70149175
MAX_ACCY:0.18883495
