MIN_LOSS:1.81271915
MAX_ACCY:0.18883495
