MIN_LOSS:1.81707795
MAX_ACCY:0.18883495
