MIN_LOSS:2097.96119539
MAX_ACCY:0.18883495
