MIN_LOSS:318626.16935680
MAX_ACCY:0.18883495
