MIN_LOSS:1373299.37111650
MAX_ACCY:0.18883495
