MIN_LOSS:522.82522405
MAX_ACCY:0.18883495
