MIN_LOSS:138598123.24660194
MAX_ACCY:0.18883495
