MIN_LOSS:31755740.48932039
MAX_ACCY:0.16699029
