MIN_LOSS:106.11742820
MAX_ACCY:0.18883495
