MIN_LOSS:7.71973732
MAX_ACCY:0.18883495
