MIN_LOSS:10272.63008192
MAX_ACCY:0.18495146
