MIN_LOSS:170132.56507888
MAX_ACCY:0.18883495
