MIN_LOSS:4482.22278330
MAX_ACCY:0.18883495
