MIN_LOSS:200.78406962
MAX_ACCY:0.18883495
