MIN_LOSS:3185.51647546
MAX_ACCY:0.18883495
