MIN_LOSS:128.90049680
MAX_ACCY:0.18883495
