MIN_LOSS:49233.15966323
MAX_ACCY:0.18495146
