MIN_LOSS:1.79100529
MAX_ACCY:0.18883495
