MIN_LOSS:2.82282506
MAX_ACCY:0.18883495
