MIN_LOSS:31.48047442
MAX_ACCY:0.18883495
