MIN_LOSS:1.82870346
MAX_ACCY:0.18883495
