MIN_LOSS:651952.80934466
MAX_ACCY:0.18883495
