MIN_LOSS:20022.46551502
MAX_ACCY:0.18883495
