MIN_LOSS:73.94977749
MAX_ACCY:0.18883495
