MIN_LOSS:201125.49523665
MAX_ACCY:0.18883495
