MIN_LOSS:16188.71980431
MAX_ACCY:0.17281553
