MIN_LOSS:2.19153958
MAX_ACCY:0.18883495
