MIN_LOSS:50.24113488
MAX_ACCY:0.18883495
