MIN_LOSS:1.88842590
MAX_ACCY:0.18883495
