MIN_LOSS:6.05310789
MAX_ACCY:0.18883495
