MIN_LOSS:359814.87518204
MAX_ACCY:0.18883495
