MIN_LOSS:1.79242471
MAX_ACCY:0.18883495
