MIN_LOSS:98.49698292
MAX_ACCY:0.18883495
