MIN_LOSS:520513094.64854372
MAX_ACCY:0.18883495
