MIN_LOSS:2908.29706273
MAX_ACCY:0.18883495
