MIN_LOSS:77182538777.84854126
MAX_ACCY:0.18495146
