MIN_LOSS:18650.06870828
MAX_ACCY:0.18883495
