MIN_LOSS:1.79882391
MAX_ACCY:0.18883495
