MIN_LOSS:4469783633.52233028
MAX_ACCY:0.16699029
