MIN_LOSS:1.81589498
MAX_ACCY:0.18883495
