MIN_LOSS:132.23316142
MAX_ACCY:0.18883495
