MIN_LOSS:559.00197321
MAX_ACCY:0.17281553
