MIN_LOSS:1.89951398
MAX_ACCY:0.18883495
