MIN_LOSS:4.66197736
MAX_ACCY:0.18883495
