MIN_LOSS:1110.84249374
MAX_ACCY:0.18883495
