MIN_LOSS:220903991.11456311
MAX_ACCY:0.17281553
