MIN_LOSS:1156833509966127431680.00000000
MAX_ACCY:0.20097087
