MIN_LOSS:293.62258378
MAX_ACCY:0.18883495
