MIN_LOSS:27.78634281
MAX_ACCY:0.18883495
