MIN_LOSS:86.50505127
MAX_ACCY:0.18883495
