MIN_LOSS:3.07354620
MAX_ACCY:0.18883495
