MIN_LOSS:1.78843666
MAX_ACCY:0.18883495
