MIN_LOSS:5.62549036
MAX_ACCY:0.18883495
