MIN_LOSS:1.96823741
MAX_ACCY:0.18883495
