MIN_LOSS:220475.02069175
MAX_ACCY:0.16699029
