MIN_LOSS:1.82268634
MAX_ACCY:0.18883495
