MIN_LOSS:1.83188556
MAX_ACCY:0.18883495
