MIN_LOSS:1647000.01237864
MAX_ACCY:0.18883495
