MIN_LOSS:476.04041001
MAX_ACCY:0.18883495
