MIN_LOSS:141.25126171
MAX_ACCY:0.18883495
