MIN_LOSS:29.57126270
MAX_ACCY:0.18883495
