MIN_LOSS:78.09967957
MAX_ACCY:0.18883495
