MIN_LOSS:59305.29576760
MAX_ACCY:0.16699029
