MIN_LOSS:38864753.05631068
MAX_ACCY:0.18495146
