MIN_LOSS:6.77184585
MAX_ACCY:0.18883495
