MIN_LOSS:1.81077613
MAX_ACCY:0.18883495
