MIN_LOSS:13009.59347505
MAX_ACCY:0.18883495
