MIN_LOSS:8.28435331
MAX_ACCY:0.18883495
