MIN_LOSS:55.73261721
MAX_ACCY:0.18883495
