MIN_LOSS:47.94098529
MAX_ACCY:0.18883495
