MIN_LOSS:98714486.67961165
MAX_ACCY:0.18883495
