MIN_LOSS:2.40366846
MAX_ACCY:0.18883495
