MIN_LOSS:1.78702094
MAX_ACCY:0.18883495
