MIN_LOSS:567.27790835
MAX_ACCY:0.18883495
