MIN_LOSS:2.80803283
MAX_ACCY:0.18883495
