MIN_LOSS:49772365.39029126
MAX_ACCY:0.18883495
