MIN_LOSS:58.05941367
MAX_ACCY:0.18883495
