MIN_LOSS:452.06320262
MAX_ACCY:0.18883495
