MIN_LOSS:245.33214419
MAX_ACCY:0.18883495
