MIN_LOSS:1.82965446
MAX_ACCY:0.18883495
