MIN_LOSS:1.78797710
MAX_ACCY:0.18883495
