MIN_LOSS:1.80974920
MAX_ACCY:0.18883495
