MIN_LOSS:6053.48506049
MAX_ACCY:0.18883495
