MIN_LOSS:28518.03231569
MAX_ACCY:0.18883495
