MIN_LOSS:3599.70951580
MAX_ACCY:0.18883495
