MIN_LOSS:177844.55395934
MAX_ACCY:0.18883495
