MIN_LOSS:1.80535287
MAX_ACCY:0.18883495
