MIN_LOSS:4551.54879873
MAX_ACCY:0.18883495
