MIN_LOSS:1007674918.15145636
MAX_ACCY:0.16699029
