MIN_LOSS:32.15252930
MAX_ACCY:0.18883495
