MIN_LOSS:167113.99080704
MAX_ACCY:0.18883495
