MIN_LOSS:29.72592102
MAX_ACCY:0.18883495
