MIN_LOSS:2.19339965
MAX_ACCY:0.18883495
