MIN_LOSS:113.26818886
MAX_ACCY:0.18883495
