MIN_LOSS:1005.88421192
MAX_ACCY:0.18883495
