MIN_LOSS:1.79166489
MAX_ACCY:0.18883495
