MIN_LOSS:1122.88864924
MAX_ACCY:0.18883495
