MIN_LOSS:27125.83568720
MAX_ACCY:0.18495146
