MIN_LOSS:1.78827879
MAX_ACCY:0.18883495
