MIN_LOSS:1.85755787
MAX_ACCY:0.18883495
