MIN_LOSS:1437.24893597
MAX_ACCY:0.18883495
