MIN_LOSS:10.10086515
MAX_ACCY:0.18883495
