MIN_LOSS:2.08465482
MAX_ACCY:0.18883495
