MIN_LOSS:37950.84069326
MAX_ACCY:0.18883495
