MIN_LOSS:355.61192254
MAX_ACCY:0.18495146
