MIN_LOSS:1293.89946491
MAX_ACCY:0.18883495
