MIN_LOSS:424.30072898
MAX_ACCY:0.18883495
