MIN_LOSS:486971.85558252
MAX_ACCY:0.18883495
