MIN_LOSS:7.68023325
MAX_ACCY:0.18883495
