MIN_LOSS:35.46253758
MAX_ACCY:0.18883495
