MIN_LOSS:227435.18762136
MAX_ACCY:0.18883495
