MIN_LOSS:1.81060617
MAX_ACCY:0.18883495
