MIN_LOSS:5605.74977245
MAX_ACCY:0.18883495
