MIN_LOSS:257.65723575
MAX_ACCY:0.18883495
