MIN_LOSS:1.79160747
MAX_ACCY:0.18883495
