MIN_LOSS:14144.54270897
MAX_ACCY:0.18883495
