MIN_LOSS:3302699.26699029
MAX_ACCY:0.18883495
