MIN_LOSS:8341.49705704
MAX_ACCY:0.16699029
