MIN_LOSS:1.80814490
MAX_ACCY:0.18883495
