MIN_LOSS:1.79198025
MAX_ACCY:0.18883495
