MIN_LOSS:7.54155246
MAX_ACCY:0.18883495
