MIN_LOSS:1.81051821
MAX_ACCY:0.18883495
