MIN_LOSS:81.65418512
MAX_ACCY:0.18883495
