MIN_LOSS:56.89266570
MAX_ACCY:0.18883495
