MIN_LOSS:971.22242681
MAX_ACCY:0.18883495
