MIN_LOSS:62181.14698119
MAX_ACCY:0.18883495
