MIN_LOSS:984563513.91067958
MAX_ACCY:0.18495146
