MIN_LOSS:71706.48043083
MAX_ACCY:0.18883495
