MIN_LOSS:59302.32086620
MAX_ACCY:0.18883495
