MIN_LOSS:38.34975577
MAX_ACCY:0.18883495
