MIN_LOSS:1.84394342
MAX_ACCY:0.18883495
