MIN_LOSS:159.31174502
MAX_ACCY:0.18883495
