MIN_LOSS:1.91759625
MAX_ACCY:0.18883495
