MIN_LOSS:1.81305072
MAX_ACCY:0.18883495
