MIN_LOSS:11.62791980
MAX_ACCY:0.18883495
