MIN_LOSS:1227.77028631
MAX_ACCY:0.18883495
