MIN_LOSS:2.43042945
MAX_ACCY:0.18883495
