MIN_LOSS:1.86061169
MAX_ACCY:0.18883495
