MIN_LOSS:1.80850420
MAX_ACCY:0.18883495
