MIN_LOSS:1.89888141
MAX_ACCY:0.18883495
