MIN_LOSS:24868.72655492
MAX_ACCY:0.18883495
