MIN_LOSS:1.81123526
MAX_ACCY:0.18883495
