MIN_LOSS:11.39791209
MAX_ACCY:0.18883495
