MIN_LOSS:4.25241005
MAX_ACCY:0.18883495
