MIN_LOSS:471111.17645631
MAX_ACCY:0.18495146
