MIN_LOSS:1118.12354724
MAX_ACCY:0.18883495
