MIN_LOSS:26.88237955
MAX_ACCY:0.18883495
