MIN_LOSS:168.41955101
MAX_ACCY:0.18883495
