MIN_LOSS:16.39224974
MAX_ACCY:0.18883495
