MIN_LOSS:11.27778989
MAX_ACCY:0.18883495
