MIN_LOSS:2.72145223
MAX_ACCY:0.18883495
