MIN_LOSS:1.79936147
MAX_ACCY:0.18883495
