MIN_LOSS:19.45247287
MAX_ACCY:0.18883495
