MIN_LOSS:30.50393000
MAX_ACCY:0.18883495
