MIN_LOSS:42446065.23106796
MAX_ACCY:0.18883495
