MIN_LOSS:135.82870362
MAX_ACCY:0.18883495
