MIN_LOSS:5658.71999014
MAX_ACCY:0.18883495
