MIN_LOSS:1.80822682
MAX_ACCY:0.18883495
