MIN_LOSS:196.82009594
MAX_ACCY:0.16699029
