MIN_LOSS:18819471.45631068
MAX_ACCY:0.18883495
