MIN_LOSS:6.33603476
MAX_ACCY:0.18883495
