MIN_LOSS:298.71162708
MAX_ACCY:0.18883495
