MIN_LOSS:6736057.73786408
MAX_ACCY:0.17281553
