MIN_LOSS:4.91656311
MAX_ACCY:0.18883495
