MIN_LOSS:1.81939416
MAX_ACCY:0.18883495
