MIN_LOSS:5.92606743
MAX_ACCY:0.18883495
