MIN_LOSS:24373960.74174757
MAX_ACCY:0.18883495
