MIN_LOSS:188449587.79029125
MAX_ACCY:0.18883495
