MIN_LOSS:98754.24940837
MAX_ACCY:0.18883495
