MIN_LOSS:28.19443712
MAX_ACCY:0.18883495
