MIN_LOSS:2.12439701
MAX_ACCY:0.18883495
