MIN_LOSS:2239.32472220
MAX_ACCY:0.18883495
