MIN_LOSS:31706290.24466019
MAX_ACCY:0.18495146
