MIN_LOSS:114691.86702063
MAX_ACCY:0.18883495
