MIN_LOSS:1166685.23859223
MAX_ACCY:0.18883495
