MIN_LOSS:323.83205649
MAX_ACCY:0.18883495
