MIN_LOSS:163715.27627427
MAX_ACCY:0.18883495
