MIN_LOSS:10.94878592
MAX_ACCY:0.18883495
