MIN_LOSS:2.03945005
MAX_ACCY:0.18883495
