MIN_LOSS:206.07889579
MAX_ACCY:0.18883495
