MIN_LOSS:1.78738831
MAX_ACCY:0.18883495
