MIN_LOSS:64.42693695
MAX_ACCY:0.18883495
