MIN_LOSS:211.24601248
MAX_ACCY:0.18883495
