MIN_LOSS:9372.90116334
MAX_ACCY:0.18883495
