MIN_LOSS:10.56168980
MAX_ACCY:0.18883495
