MIN_LOSS:1.78716242
MAX_ACCY:0.18883495
