MIN_LOSS:6518543527210146274113342144512.00000000
MAX_ACCY:0.18495146
