MIN_LOSS:1.88626650
MAX_ACCY:0.18883495
