MIN_LOSS:189.38477140
MAX_ACCY:0.18883495
