MIN_LOSS:30.20262240
MAX_ACCY:0.18883495
