MIN_LOSS:23.29687687
MAX_ACCY:0.18883495
