MIN_LOSS:35.52903711
MAX_ACCY:0.18883495
