MIN_LOSS:80.67167861
MAX_ACCY:0.18883495
