MIN_LOSS:18.50434757
MAX_ACCY:0.18883495
