MIN_LOSS:1.79206752
MAX_ACCY:0.18883495
