MIN_LOSS:2.85503505
MAX_ACCY:0.18883495
