MIN_LOSS:1795.17672937
MAX_ACCY:0.18883495
