MIN_LOSS:53.43910393
MAX_ACCY:0.18883495
