MIN_LOSS:97426.61321299
MAX_ACCY:0.18883495
