MIN_LOSS:113986.94517597
MAX_ACCY:0.18883495
