MIN_LOSS:4232.09787906
MAX_ACCY:0.18883495
