MIN_LOSS:42.26718586
MAX_ACCY:0.18883495
