MIN_LOSS:172033.29250607
MAX_ACCY:0.18883495
