MIN_LOSS:107.10734520
MAX_ACCY:0.18883495
