MIN_LOSS:256.52592448
MAX_ACCY:0.18883495
