MIN_LOSS:314585.78941141
MAX_ACCY:0.17281553
