MIN_LOSS:1.84696970
MAX_ACCY:0.18883495
