MIN_LOSS:33.92490321
MAX_ACCY:0.18883495
