MIN_LOSS:1.90867607
MAX_ACCY:0.18883495
