MIN_LOSS:1.80459092
MAX_ACCY:0.18883495
