MIN_LOSS:21.88840332
MAX_ACCY:0.18883495
