MIN_LOSS:101.27171662
MAX_ACCY:0.18883495
