MIN_LOSS:29042.04133799
MAX_ACCY:0.17281553
