MIN_LOSS:1.83109415
MAX_ACCY:0.18883495
