MIN_LOSS:1.84297966
MAX_ACCY:0.18883495
