MIN_LOSS:6.79701509
MAX_ACCY:0.18883495
