MIN_LOSS:1.81514533
MAX_ACCY:0.18883495
