MIN_LOSS:1.81738051
MAX_ACCY:0.18883495
