MIN_LOSS:6.33146536
MAX_ACCY:0.18883495
