MIN_LOSS:109647.10089502
MAX_ACCY:0.16699029
