MIN_LOSS:130.98974340
MAX_ACCY:0.18883495
