MIN_LOSS:7.14762957
MAX_ACCY:0.18883495
