MIN_LOSS:9.67852448
MAX_ACCY:0.18883495
