MIN_LOSS:1399.35810251
MAX_ACCY:0.18495146
