MIN_LOSS:1.89448982
MAX_ACCY:0.18883495
