MIN_LOSS:1.85517249
MAX_ACCY:0.18883495
