MIN_LOSS:4.80777554
MAX_ACCY:0.18883495
