MIN_LOSS:4.39384959
MAX_ACCY:0.18883495
