MIN_LOSS:83.57220641
MAX_ACCY:0.18883495
