MIN_LOSS:4.65031359
MAX_ACCY:0.18883495
