MIN_LOSS:22982.20612485
MAX_ACCY:0.18883495
