MIN_LOSS:1.78929187
MAX_ACCY:0.18883495
