MIN_LOSS:483.31765872
MAX_ACCY:0.18883495
