MIN_LOSS:39.58520141
MAX_ACCY:0.18883495
