MIN_LOSS:2007354573.29708743
MAX_ACCY:0.16699029
