MIN_LOSS:138.96429452
MAX_ACCY:0.18883495
