MIN_LOSS:83.47502743
MAX_ACCY:0.18883495
