MIN_LOSS:19.48422118
MAX_ACCY:0.18883495
