MIN_LOSS:125.25502891
MAX_ACCY:0.18883495
