MIN_LOSS:16939.10217878
MAX_ACCY:0.18883495
