MIN_LOSS:2056337.17936893
MAX_ACCY:0.16699029
