MIN_LOSS:46.57139111
MAX_ACCY:0.18883495
