MIN_LOSS:63.51113583
MAX_ACCY:0.18883495
