MIN_LOSS:20260.65923468
MAX_ACCY:0.18883495
