MIN_LOSS:1427.95570791
MAX_ACCY:0.18883495
