MIN_LOSS:1.83364136
MAX_ACCY:0.18883495
