MIN_LOSS:1.81028231
MAX_ACCY:0.18883495
