MIN_LOSS:1.82797839
MAX_ACCY:0.18883495
