MIN_LOSS:2.07466915
MAX_ACCY:0.18883495
