MIN_LOSS:2.03113599
MAX_ACCY:0.18883495
