MIN_LOSS:40710.81683859
MAX_ACCY:0.18883495
