MIN_LOSS:13.36698262
MAX_ACCY:0.18883495
