MIN_LOSS:20772.96270859
MAX_ACCY:0.18883495
