MIN_LOSS:1626.67382338
MAX_ACCY:0.18883495
