MIN_LOSS:578.39301841
MAX_ACCY:0.18883495
