MIN_LOSS:1.93361714
MAX_ACCY:0.18883495
