MIN_LOSS:1441.83771119
MAX_ACCY:0.18883495
