MIN_LOSS:424855.82178398
MAX_ACCY:0.18495146
