MIN_LOSS:7.51254007
MAX_ACCY:0.18883495
