MIN_LOSS:1.83934391
MAX_ACCY:0.18883495
