MIN_LOSS:5.84516207
MAX_ACCY:0.18883495
