MIN_LOSS:16908.43207866
MAX_ACCY:0.18495146
