MIN_LOSS:10882.70269645
MAX_ACCY:0.18883495
