MIN_LOSS:1.83463406
MAX_ACCY:0.18883495
