MIN_LOSS:109096.24558556
MAX_ACCY:0.18883495
