MIN_LOSS:1.82925490
MAX_ACCY:0.18883495
