MIN_LOSS:2.58704382
MAX_ACCY:0.18883495
