MIN_LOSS:5.07639977
MAX_ACCY:0.18883495
