MIN_LOSS:5618986.98155340
MAX_ACCY:0.18883495
