MIN_LOSS:2683.06750393
MAX_ACCY:0.37815534
