MIN_LOSS:78330573810.08155823
MAX_ACCY:0.16699029
