MIN_LOSS:1.78798938
MAX_ACCY:0.18883495
