MIN_LOSS:144.72823027
MAX_ACCY:0.18883495
