MIN_LOSS:1.81000052
MAX_ACCY:0.18883495
