MIN_LOSS:4.31350308
MAX_ACCY:0.18883495
