MIN_LOSS:7.04469134
MAX_ACCY:0.18883495
