MIN_LOSS:21887938834.39223480
MAX_ACCY:0.18495146
