MIN_LOSS:1.83079151
MAX_ACCY:0.18883495
