MIN_LOSS:141497.86401699
MAX_ACCY:0.18883495
