MIN_LOSS:1.82185584
MAX_ACCY:0.18883495
