MIN_LOSS:1.98346577
MAX_ACCY:0.18883495
