MIN_LOSS:3934.53616315
MAX_ACCY:0.18883495
