MIN_LOSS:2.03487738
MAX_ACCY:0.18883495
