MIN_LOSS:4212.44015758
MAX_ACCY:0.18883495
