MIN_LOSS:42.45495976
MAX_ACCY:0.18883495
