MIN_LOSS:1.80718545
MAX_ACCY:0.18883495
