MIN_LOSS:38231.76746814
MAX_ACCY:0.18883495
