MIN_LOSS:208.35461621
MAX_ACCY:0.18883495
