MIN_LOSS:68516.05034891
MAX_ACCY:0.18883495
