MIN_LOSS:1.81337320
MAX_ACCY:0.18883495
