MIN_LOSS:8085752.76796116
MAX_ACCY:0.18495146
