MIN_LOSS:9036.68709610
MAX_ACCY:0.18883495
