MIN_LOSS:161566846.35339805
MAX_ACCY:0.18883495
