MIN_LOSS:5.07749825
MAX_ACCY:0.18883495
