MIN_LOSS:679586.26359223
MAX_ACCY:0.18883495
