MIN_LOSS:1.79654765
MAX_ACCY:0.18883495
