MIN_LOSS:1.98802145
MAX_ACCY:0.18883495
