MIN_LOSS:373850.81759709
MAX_ACCY:0.18883495
