MIN_LOSS:12150.93162546
MAX_ACCY:0.18495146
