MIN_LOSS:5.88816670
MAX_ACCY:0.18883495
