MIN_LOSS:24457217.65825243
MAX_ACCY:0.16699029
