MIN_LOSS:13972.03270062
MAX_ACCY:0.18932039
