MIN_LOSS:64.13649936
MAX_ACCY:0.18883495
