MIN_LOSS:337854730.19029129
MAX_ACCY:0.18883495
