MIN_LOSS:5787895.93203884
MAX_ACCY:0.18883495
