MIN_LOSS:238.68542149
MAX_ACCY:0.18883495
