MIN_LOSS:5.51788100
MAX_ACCY:0.18883495
