MIN_LOSS:1.78754449
MAX_ACCY:0.18883495
