MIN_LOSS:70919.18768204
MAX_ACCY:0.18883495
