MIN_LOSS:232.91112923
MAX_ACCY:0.18883495
