MIN_LOSS:1.84798066
MAX_ACCY:0.18883495
