MIN_LOSS:760.92539027
MAX_ACCY:0.18883495
