MIN_LOSS:68.29481124
MAX_ACCY:0.18883495
