MIN_LOSS:25.52240307
MAX_ACCY:0.18883495
