MIN_LOSS:568.96742406
MAX_ACCY:0.18883495
