MIN_LOSS:1.86475492
MAX_ACCY:0.18883495
