MIN_LOSS:1648.26226273
MAX_ACCY:0.18883495
