MIN_LOSS:4.94868930
MAX_ACCY:0.18883495
