MIN_LOSS:1350636.10898058
MAX_ACCY:0.16699029
