MIN_LOSS:14.87469028
MAX_ACCY:0.18883495
