MIN_LOSS:472435.35097087
MAX_ACCY:0.18883495
