MIN_LOSS:1.83989811
MAX_ACCY:0.18883495
