MIN_LOSS:7.58792204
MAX_ACCY:0.18883495
