MIN_LOSS:35.24472575
MAX_ACCY:0.18883495
