MIN_LOSS:29.08245596
MAX_ACCY:0.18883495
