MIN_LOSS:1.98055593
MAX_ACCY:0.18883495
