MIN_LOSS:1.79533138
MAX_ACCY:0.18883495
