MIN_LOSS:1.92652731
MAX_ACCY:0.18883495
