MIN_LOSS:225.68275902
MAX_ACCY:0.18883495
