MIN_LOSS:8216.73214502
MAX_ACCY:0.17281553
