MIN_LOSS:8.15629285
MAX_ACCY:0.18883495
