MIN_LOSS:1.82985412
MAX_ACCY:0.18883495
