MIN_LOSS:23.13527974
MAX_ACCY:0.18883495
