MIN_LOSS:5.59669315
MAX_ACCY:0.18883495
