MIN_LOSS:11359709364.93980598
MAX_ACCY:0.18834951
