MIN_LOSS:1.82633061
MAX_ACCY:0.18883495
