MIN_LOSS:1.84422051
MAX_ACCY:0.18883495
