MIN_LOSS:1.84652666
MAX_ACCY:0.18883495
