MIN_LOSS:67177272457.19611359
MAX_ACCY:0.17281553
