MIN_LOSS:1.81135166
MAX_ACCY:0.18883495
