MIN_LOSS:69.21602729
MAX_ACCY:0.18883495
