MIN_LOSS:8.18947246
MAX_ACCY:0.18883495
