MIN_LOSS:1.79600306
MAX_ACCY:0.18883495
