MIN_LOSS:5510.15581387
MAX_ACCY:0.18883495
