MIN_LOSS:1.80424508
MAX_ACCY:0.18883495
