MIN_LOSS:1.86059657
MAX_ACCY:0.18883495
