MIN_LOSS:1.80324415
MAX_ACCY:0.18883495
