MIN_LOSS:1.82531378
MAX_ACCY:0.18883495
