MIN_LOSS:1.80940388
MAX_ACCY:0.18883495
