MIN_LOSS:1004.82748194
MAX_ACCY:0.18883495
