MIN_LOSS:55791.41062652
MAX_ACCY:0.18883495
