MIN_LOSS:4806746.27572815
MAX_ACCY:0.18883495
