MIN_LOSS:1.79225824
MAX_ACCY:0.18883495
