MIN_LOSS:16707.40933139
MAX_ACCY:0.18883495
