MIN_LOSS:1.79835240
MAX_ACCY:0.18883495
