MIN_LOSS:72114134.78834951
MAX_ACCY:0.18883495
