MIN_LOSS:88.36533468
MAX_ACCY:0.18883495
