MIN_LOSS:15583.41904392
MAX_ACCY:0.18883495
