MIN_LOSS:24.52770553
MAX_ACCY:0.18495146
