MIN_LOSS:54.81469049
MAX_ACCY:0.18883495
