MIN_LOSS:191.15688814
MAX_ACCY:0.18883495
