MIN_LOSS:2203.38542315
MAX_ACCY:0.18883495
