MIN_LOSS:1.82854446
MAX_ACCY:0.18883495
