MIN_LOSS:3.58428300
MAX_ACCY:0.18883495
