MIN_LOSS:1.82441374
MAX_ACCY:0.18883495
