MIN_LOSS:90195.08609678
MAX_ACCY:0.16699029
