MIN_LOSS:1.80830327
MAX_ACCY:0.18883495
