MIN_LOSS:1.78912634
MAX_ACCY:0.18883495
