MIN_LOSS:518073.72548544
MAX_ACCY:0.18883495
