MIN_LOSS:549.81159698
MAX_ACCY:0.18883495
