MIN_LOSS:80.63555776
MAX_ACCY:0.18883495
