MIN_LOSS:4886675.54854369
MAX_ACCY:0.18495146
