MIN_LOSS:1609311.56844660
MAX_ACCY:0.18883495
