MIN_LOSS:58217.03221329
MAX_ACCY:0.18883495
