MIN_LOSS:5421.51432323
MAX_ACCY:0.18883495
