MIN_LOSS:319.90036648
MAX_ACCY:0.18883495
