MIN_LOSS:1411072.59126214
MAX_ACCY:0.18883495
