MIN_LOSS:13.03078684
MAX_ACCY:0.18883495
