MIN_LOSS:14.31824944
MAX_ACCY:0.18883495
