MIN_LOSS:26748667.86407767
MAX_ACCY:0.18883495
