MIN_LOSS:1.80667985
MAX_ACCY:0.18883495
