MIN_LOSS:6.62589851
MAX_ACCY:0.18883495
