MIN_LOSS:1.95813991
MAX_ACCY:0.18883495
