MIN_LOSS:1.81212643
MAX_ACCY:0.18883495
