MIN_LOSS:8.01980203
MAX_ACCY:0.18883495
