MIN_LOSS:1.79655308
MAX_ACCY:0.18883495
