MIN_LOSS:18.87899137
MAX_ACCY:0.18883495
