MIN_LOSS:22.01652935
MAX_ACCY:0.18883495
