MIN_LOSS:1.79711874
MAX_ACCY:0.18883495
