MIN_LOSS:65.63220214
MAX_ACCY:0.18883495
