MIN_LOSS:9.57678506
MAX_ACCY:0.18883495
