MIN_LOSS:357055.31213592
MAX_ACCY:0.18883495
