MIN_LOSS:244.96034679
MAX_ACCY:0.18883495
