MIN_LOSS:180507.50000000
MAX_ACCY:0.18932039
