MIN_LOSS:1.80678541
MAX_ACCY:0.18883495
