MIN_LOSS:21.52428378
MAX_ACCY:0.18883495
