MIN_LOSS:67544.44269569
MAX_ACCY:0.18883495
