MIN_LOSS:205926761.38252428
MAX_ACCY:0.18495146
