MIN_LOSS:41.67356064
MAX_ACCY:0.18883495
