MIN_LOSS:1.81822979
MAX_ACCY:0.18883495
