MIN_LOSS:36.00478393
MAX_ACCY:0.18883495
