MIN_LOSS:1.84994822
MAX_ACCY:0.18883495
