MIN_LOSS:1.80633279
MAX_ACCY:0.18883495
