MIN_LOSS:232.93741494
MAX_ACCY:0.18883495
