MIN_LOSS:1.78818090
MAX_ACCY:0.18883495
