MIN_LOSS:68544.02977852
MAX_ACCY:0.18883495
