MIN_LOSS:136941.43018811
MAX_ACCY:0.16699029
