MIN_LOSS:17.53559563
MAX_ACCY:0.18883495
