MIN_LOSS:2.19349932
MAX_ACCY:0.18883495
