MIN_LOSS:1.89986458
MAX_ACCY:0.18883495
