MIN_LOSS:11.87958365
MAX_ACCY:0.18883495
