MIN_LOSS:2929.33132206
MAX_ACCY:0.18883495
