MIN_LOSS:1.78940562
MAX_ACCY:0.18883495
