MIN_LOSS:39.34396567
MAX_ACCY:0.18883495
