MIN_LOSS:3567.83858038
MAX_ACCY:0.18883495
