MIN_LOSS:1.84667150
MAX_ACCY:0.18883495
