MIN_LOSS:264.98506837
MAX_ACCY:0.18883495
