MIN_LOSS:3119.59399082
MAX_ACCY:0.18883495
