MIN_LOSS:110.25077646
MAX_ACCY:0.16699029
