MIN_LOSS:1015872483923844237298584575362990080.00000000
MAX_ACCY:0.16699029
