MIN_LOSS:6.41143029
MAX_ACCY:0.18883495
