MIN_LOSS:1.81003548
MAX_ACCY:0.18883495
