MIN_LOSS:37.75116596
MAX_ACCY:0.18883495
