MIN_LOSS:1.83048962
MAX_ACCY:0.18883495
