MIN_LOSS:196394.20197209
MAX_ACCY:0.18883495
