MIN_LOSS:6675.64508021
MAX_ACCY:0.17281553
