MIN_LOSS:14421077.03495146
MAX_ACCY:0.18883495
