MIN_LOSS:17.15489969
MAX_ACCY:0.18883495
