MIN_LOSS:1.90858282
MAX_ACCY:0.18883495
