MIN_LOSS:1.80191919
MAX_ACCY:0.18883495
