MIN_LOSS:924.94063709
MAX_ACCY:0.18883495
