MIN_LOSS:12.95923859
MAX_ACCY:0.18883495
