MIN_LOSS:90.19885515
MAX_ACCY:0.18495146
