MIN_LOSS:7.10111098
MAX_ACCY:0.18883495
