MIN_LOSS:2.11021431
MAX_ACCY:0.18883495
