MIN_LOSS:48400.24122421
MAX_ACCY:0.18883495
