MIN_LOSS:316.75202933
MAX_ACCY:0.18883495
