MIN_LOSS:1.78775739
MAX_ACCY:0.18883495
