MIN_LOSS:7.82557602
MAX_ACCY:0.18883495
