MIN_LOSS:12.94320881
MAX_ACCY:0.18883495
