MIN_LOSS:7.50758037
MAX_ACCY:0.18883495
