MIN_LOSS:1.79032888
MAX_ACCY:0.18883495
