MIN_LOSS:416.46563786
MAX_ACCY:0.18883495
