MIN_LOSS:3998.59736897
MAX_ACCY:0.18883495
