MIN_LOSS:112508433.38252427
MAX_ACCY:0.18495146
