MIN_LOSS:24.16255963
MAX_ACCY:0.18883495
