MIN_LOSS:2.01941186
MAX_ACCY:0.18883495
