MIN_LOSS:1.78708006
MAX_ACCY:0.18883495
