MIN_LOSS:1.81332055
MAX_ACCY:0.18883495
