MIN_LOSS:23646.57914897
MAX_ACCY:0.18883495
