MIN_LOSS:182881.22390777
MAX_ACCY:0.18495146
