MIN_LOSS:388.26829111
MAX_ACCY:0.18883495
