MIN_LOSS:4103.90493259
MAX_ACCY:0.18883495
