MIN_LOSS:1.78790472
MAX_ACCY:0.18883495
