MIN_LOSS:38.14443236
MAX_ACCY:0.18883495
