MIN_LOSS:29.67337228
MAX_ACCY:0.18883495
