MIN_LOSS:1.93735022
MAX_ACCY:0.18883495
