MIN_LOSS:122.56485944
MAX_ACCY:0.18883495
