MIN_LOSS:649746.06565534
MAX_ACCY:0.18883495
