MIN_LOSS:13185297.88155340
MAX_ACCY:0.18883495
