MIN_LOSS:1.82675871
MAX_ACCY:0.18883495
