MIN_LOSS:1.82732420
MAX_ACCY:0.18883495
