MIN_LOSS:167725.15512743
MAX_ACCY:0.18883495
