MIN_LOSS:1.90210804
MAX_ACCY:0.18883495
