MIN_LOSS:86345613121.11845398
MAX_ACCY:0.18883495
