MIN_LOSS:29603.28911939
MAX_ACCY:0.18883495
