MIN_LOSS:1.81546674
MAX_ACCY:0.18883495
