MIN_LOSS:14.39407699
MAX_ACCY:0.18883495
