MIN_LOSS:4669.42520859
MAX_ACCY:0.18883495
