MIN_LOSS:1.82569018
MAX_ACCY:0.18883495
