MIN_LOSS:1.82915316
MAX_ACCY:0.18883495
