MIN_LOSS:63.49394660
MAX_ACCY:0.16699029
