MIN_LOSS:2.01980992
MAX_ACCY:0.18883495
