MIN_LOSS:103.29533863
MAX_ACCY:0.18883495
