MIN_LOSS:1.79946868
MAX_ACCY:0.18883495
