MIN_LOSS:1.78654413
MAX_ACCY:0.18883495
