MIN_LOSS:1455.46796401
MAX_ACCY:0.18883495
