MIN_LOSS:1.82283748
MAX_ACCY:0.18883495
