MIN_LOSS:11.28286020
MAX_ACCY:0.18883495
