MIN_LOSS:5515.40844869
MAX_ACCY:0.18883495
