MIN_LOSS:19162667853406581752382619648.00000000
MAX_ACCY:0.32864078
