MIN_LOSS:2.92416288
MAX_ACCY:0.18883495
