MIN_LOSS:816.42344437
MAX_ACCY:0.18883495
