MIN_LOSS:217823212.95533982
MAX_ACCY:0.16699029
