MIN_LOSS:4.07743310
MAX_ACCY:0.18883495
