MIN_LOSS:215435802.34563106
MAX_ACCY:0.17281553
