MIN_LOSS:1.83252513
MAX_ACCY:0.18883495
