MIN_LOSS:84086.69447816
MAX_ACCY:0.18883495
