MIN_LOSS:289445970.14368933
MAX_ACCY:0.18883495
