MIN_LOSS:65.26272284
MAX_ACCY:0.18883495
