MIN_LOSS:7182.35197778
MAX_ACCY:0.18883495
