MIN_LOSS:9.33364925
MAX_ACCY:0.18883495
