MIN_LOSS:1.86104120
MAX_ACCY:0.18883495
