MIN_LOSS:1.82889286
MAX_ACCY:0.18883495
