MIN_LOSS:1.81569021
MAX_ACCY:0.18883495
