MIN_LOSS:6811.91071185
MAX_ACCY:0.18883495
