MIN_LOSS:1.81047257
MAX_ACCY:0.18883495
