MIN_LOSS:1074.32563631
MAX_ACCY:0.18883495
