MIN_LOSS:6.90597991
MAX_ACCY:0.18883495
