MIN_LOSS:57.77233779
MAX_ACCY:0.18495146
