MIN_LOSS:1.79029928
MAX_ACCY:0.18883495
