MIN_LOSS:1.78920577
MAX_ACCY:0.18883495
