MIN_LOSS:59.34499761
MAX_ACCY:0.18883495
