MIN_LOSS:14588.71176805
MAX_ACCY:0.18883495
