MIN_LOSS:9.63176761
MAX_ACCY:0.18883495
