MIN_LOSS:14324126.81941748
MAX_ACCY:0.18495146
