MIN_LOSS:1.82092660
MAX_ACCY:0.18883495
