MIN_LOSS:108.95542040
MAX_ACCY:0.18883495
