MIN_LOSS:10.40831460
MAX_ACCY:0.18883495
