MIN_LOSS:36.18565087
MAX_ACCY:0.18883495
