MIN_LOSS:10.42282346
MAX_ACCY:0.18883495
