MIN_LOSS:211789903.03689322
MAX_ACCY:0.18883495
