MIN_LOSS:62.17005704
MAX_ACCY:0.18883495
