MIN_LOSS:8.03420880
MAX_ACCY:0.18883495
