MIN_LOSS:157.22408779
MAX_ACCY:0.18883495
