MIN_LOSS:635.46345464
MAX_ACCY:0.18883495
