MIN_LOSS:10.22911648
MAX_ACCY:0.18883495
