MIN_LOSS:7425.30101638
MAX_ACCY:0.18883495
