MIN_LOSS:1.80754819
MAX_ACCY:0.18883495
