MIN_LOSS:29.92900410
MAX_ACCY:0.18883495
