MIN_LOSS:11651.57910535
MAX_ACCY:0.18883495
