MIN_LOSS:1201586.75740291
MAX_ACCY:0.18883495
