MIN_LOSS:1.87233603
MAX_ACCY:0.18883495
