MIN_LOSS:1.90673045
MAX_ACCY:0.18883495
