MIN_LOSS:282484537.35145628
MAX_ACCY:0.18495146
