MIN_LOSS:52.44175419
MAX_ACCY:0.18883495
