MIN_LOSS:1.81318720
MAX_ACCY:0.18883495
