MIN_LOSS:2.00663038
MAX_ACCY:0.18883495
