MIN_LOSS:1.80888326
MAX_ACCY:0.18883495
