MIN_LOSS:59874.63291869
MAX_ACCY:0.18883495
