MIN_LOSS:60.02013487
MAX_ACCY:0.18883495
