MIN_LOSS:675.34143908
MAX_ACCY:0.18883495
