MIN_LOSS:35.58415146
MAX_ACCY:0.18883495
