MIN_LOSS:15844.84710444
MAX_ACCY:0.18883495
