MIN_LOSS:1.79156624
MAX_ACCY:0.18883495
