MIN_LOSS:10.57982310
MAX_ACCY:0.18883495
