MIN_LOSS:1.80197442
MAX_ACCY:0.18883495
