MIN_LOSS:1.80499633
MAX_ACCY:0.18883495
