MIN_LOSS:1.79265784
MAX_ACCY:0.18883495
