MIN_LOSS:2580.64957145
MAX_ACCY:0.18495146
