MIN_LOSS:1.80925182
MAX_ACCY:0.18883495
