MIN_LOSS:262.57574273
MAX_ACCY:0.18883495
