MIN_LOSS:2.07788167
MAX_ACCY:0.18883495
