MIN_LOSS:314.22789372
MAX_ACCY:0.18883495
