MIN_LOSS:1.80524109
MAX_ACCY:0.18883495
