MIN_LOSS:6549699.56893204
MAX_ACCY:0.18883495
