MIN_LOSS:29.71391647
MAX_ACCY:0.18883495
