MIN_LOSS:1.79198559
MAX_ACCY:0.18883495
