MIN_LOSS:110.66241420
MAX_ACCY:0.18883495
