MIN_LOSS:245.03275016
MAX_ACCY:0.18883495
