MIN_LOSS:37961.44101942
MAX_ACCY:0.18883495
