MIN_LOSS:5172081.02815534
MAX_ACCY:0.16699029
