MIN_LOSS:16.16281161
MAX_ACCY:0.18883495
