MIN_LOSS:64.19024240
MAX_ACCY:0.18883495
