MIN_LOSS:1.78786589
MAX_ACCY:0.18883495
