MIN_LOSS:6.49547625
MAX_ACCY:0.18883495
