MIN_LOSS:39.86762482
MAX_ACCY:0.18883495
