MIN_LOSS:946.90731652
MAX_ACCY:0.18883495
