MIN_LOSS:5.33766702
MAX_ACCY:0.18883495
