MIN_LOSS:11.24134922
MAX_ACCY:0.18883495
