MIN_LOSS:2.32842063
MAX_ACCY:0.18883495
