MIN_LOSS:1.80083777
MAX_ACCY:0.18883495
