MIN_LOSS:3.07289645
MAX_ACCY:0.18883495
