MIN_LOSS:173.13153713
MAX_ACCY:0.18883495
