MIN_LOSS:1454.98914949
MAX_ACCY:0.18883495
