MIN_LOSS:29.76501874
MAX_ACCY:0.18883495
