MIN_LOSS:1.79907125
MAX_ACCY:0.18883495
