MIN_LOSS:1.83653535
MAX_ACCY:0.18883495
