MIN_LOSS:46.70729489
MAX_ACCY:0.18883495
