MIN_LOSS:1.78635769
MAX_ACCY:0.18883495
