MIN_LOSS:505.56891853
MAX_ACCY:0.18883495
