MIN_LOSS:3070688.56820388
MAX_ACCY:0.18883495
