MIN_LOSS:2.06778202
MAX_ACCY:0.18883495
