MIN_LOSS:1.83381051
MAX_ACCY:0.18883495
