MIN_LOSS:57451.16692961
MAX_ACCY:0.18883495
