MIN_LOSS:993663.83752465
MAX_ACCY:0.18883495
