MIN_LOSS:2.86289089
MAX_ACCY:0.18883495
