MIN_LOSS:1.78826148
MAX_ACCY:0.18883495
