MIN_LOSS:13690.74713478
MAX_ACCY:0.18883495
