MIN_LOSS:1.80374726
MAX_ACCY:0.18883495
