MIN_LOSS:142314.95643204
MAX_ACCY:0.18883495
