MIN_LOSS:268601.80194175
MAX_ACCY:0.18495146
