MIN_LOSS:2.62301487
MAX_ACCY:0.18883495
