MIN_LOSS:1.80268253
MAX_ACCY:0.18883495
