MIN_LOSS:394.98684805
MAX_ACCY:0.18883495
