MIN_LOSS:11.95998325
MAX_ACCY:0.18883495
