MIN_LOSS:125.68695451
MAX_ACCY:0.18883495
