MIN_LOSS:1.79681814
MAX_ACCY:0.18883495
