MIN_LOSS:1.89514228
MAX_ACCY:0.18883495
