MIN_LOSS:17.20259138
MAX_ACCY:0.18883495
