MIN_LOSS:1.91315154
MAX_ACCY:0.18883495
