MIN_LOSS:1.79215342
MAX_ACCY:0.18883495
