MIN_LOSS:31934962447.40970993
MAX_ACCY:0.18883495
