MIN_LOSS:345.40337240
MAX_ACCY:0.18883495
