MIN_LOSS:1182264037118747471307681847836672.00000000
MAX_ACCY:0.16699029
