MIN_LOSS:165700.88335862
MAX_ACCY:0.18883495
