MIN_LOSS:22553.50504399
MAX_ACCY:0.18883495
