MIN_LOSS:1.88310546
MAX_ACCY:0.18883495
