MIN_LOSS:7290218.02524272
MAX_ACCY:0.18883495
