MIN_LOSS:1.83568475
MAX_ACCY:0.18883495
