MIN_LOSS:260.67287790
MAX_ACCY:0.18883495
