MIN_LOSS:126232272.52815534
MAX_ACCY:0.18883495
