MIN_LOSS:12136.53371132
MAX_ACCY:0.18883495
