MIN_LOSS:68640.06817354
MAX_ACCY:0.18883495
