MIN_LOSS:22788.93542172
MAX_ACCY:0.16699029
