MIN_LOSS:51.90822324
MAX_ACCY:0.18883495
