MIN_LOSS:1199.73593679
MAX_ACCY:0.18883495
