MIN_LOSS:7052.63583795
MAX_ACCY:0.18883495
