MIN_LOSS:2.90898513
MAX_ACCY:0.18883495
