MIN_LOSS:15088.34767332
MAX_ACCY:0.18883495
