MIN_LOSS:4.29705847
MAX_ACCY:0.18883495
