MIN_LOSS:57.42610872
MAX_ACCY:0.18883495
