MIN_LOSS:1749.55810499
MAX_ACCY:0.18883495
