MIN_LOSS:3733327.53834951
MAX_ACCY:0.17281553
