MIN_LOSS:151.52035229
MAX_ACCY:0.18883495
