MIN_LOSS:42.39720932
MAX_ACCY:0.18883495
