MIN_LOSS:1.79732242
MAX_ACCY:0.18883495
