MIN_LOSS:334.11505791
MAX_ACCY:0.18883495
