MIN_LOSS:8900.96232839
MAX_ACCY:0.18883495
