MIN_LOSS:12.13688310
MAX_ACCY:0.18883495
