MIN_LOSS:306879.92618325
MAX_ACCY:0.17281553
