MIN_LOSS:207.85908345
MAX_ACCY:0.18883495
