MIN_LOSS:195628.42075243
MAX_ACCY:0.18883495
