MIN_LOSS:55.58325370
MAX_ACCY:0.18883495
