MIN_LOSS:3943.06802801
MAX_ACCY:0.18883495
