MIN_LOSS:285468.30242718
MAX_ACCY:0.17281553
