MIN_LOSS:6399.66108635
MAX_ACCY:0.18495146
