MIN_LOSS:24996795.23426786
MAX_ACCY:0.16699029
