MIN_LOSS:2.02269497
MAX_ACCY:0.18883495
