MIN_LOSS:9.91982358
MAX_ACCY:0.18883495
