MIN_LOSS:1691.09336317
MAX_ACCY:0.18883495
