MIN_LOSS:1.81226455
MAX_ACCY:0.18883495
