MIN_LOSS:46.44569931
MAX_ACCY:0.18883495
