MIN_LOSS:7.58955643
MAX_ACCY:0.18883495
