MIN_LOSS:36.11286974
MAX_ACCY:0.18883495
