MIN_LOSS:1.99026863
MAX_ACCY:0.18883495
