MIN_LOSS:2.84841114
MAX_ACCY:0.18883495
