MIN_LOSS:85.78033649
MAX_ACCY:0.18883495
