MIN_LOSS:62.57381369
MAX_ACCY:0.18883495
