MIN_LOSS:1.85348436
MAX_ACCY:0.18883495
