MIN_LOSS:44.93535398
MAX_ACCY:0.18883495
