MIN_LOSS:8.22191677
MAX_ACCY:0.18883495
