MIN_LOSS:1.82219670
MAX_ACCY:0.18883495
