MIN_LOSS:912.96850076
MAX_ACCY:0.18883495
