MIN_LOSS:1.80144524
MAX_ACCY:0.18883495
