MIN_LOSS:10053.75668139
MAX_ACCY:0.18883495
