MIN_LOSS:1.79385628
MAX_ACCY:0.18883495
