MIN_LOSS:1525.05153737
MAX_ACCY:0.18883495
