MIN_LOSS:148.98783460
MAX_ACCY:0.18883495
