MIN_LOSS:47429.61842385
MAX_ACCY:0.18495146
