MIN_LOSS:1.78740363
MAX_ACCY:0.18883495
