MIN_LOSS:2235904.12766990
MAX_ACCY:0.17281553
