MIN_LOSS:1900145.06407767
MAX_ACCY:0.18883495
