MIN_LOSS:11.37903543
MAX_ACCY:0.18883495
