MIN_LOSS:115.32897167
MAX_ACCY:0.18883495
