MIN_LOSS:66441.66330400
MAX_ACCY:0.18883495
