MIN_LOSS:2.58488340
MAX_ACCY:0.18883495
