MIN_LOSS:1.81951837
MAX_ACCY:0.18883495
