MIN_LOSS:2.23422188
MAX_ACCY:0.18883495
