MIN_LOSS:4579.82551246
MAX_ACCY:0.17281553
