MIN_LOSS:868.53836421
MAX_ACCY:0.18883495
