MIN_LOSS:61365.66432039
MAX_ACCY:0.18883495
