MIN_LOSS:1287.24883974
MAX_ACCY:0.18883495
