MIN_LOSS:191.15323803
MAX_ACCY:0.18883495
