MIN_LOSS:1.85677829
MAX_ACCY:0.18883495
