MIN_LOSS:14783.04607479
MAX_ACCY:0.18883495
