MIN_LOSS:1.91945541
MAX_ACCY:0.18883495
