MIN_LOSS:24.07374008
MAX_ACCY:0.18883495
