MIN_LOSS:1.92521288
MAX_ACCY:0.18883495
