MIN_LOSS:2.08836819
MAX_ACCY:0.18883495
