MIN_LOSS:1.78788841
MAX_ACCY:0.18883495
