MIN_LOSS:320.36962120
MAX_ACCY:0.18883495
