MIN_LOSS:299621.41783981
MAX_ACCY:0.17281553
