MIN_LOSS:2.81265108
MAX_ACCY:0.18883495
