MIN_LOSS:200269.94981796
MAX_ACCY:0.18883495
