MIN_LOSS:675149.09041262
MAX_ACCY:0.18883495
