MIN_LOSS:282.11947810
MAX_ACCY:0.18883495
