MIN_LOSS:17.53128997
MAX_ACCY:0.18883495
