MIN_LOSS:1.99008308
MAX_ACCY:0.18883495
