MIN_LOSS:123434.04387136
MAX_ACCY:0.17281553
