MIN_LOSS:46780.78344205
MAX_ACCY:0.18883495
