MIN_LOSS:2.47005559
MAX_ACCY:0.18883495
