MIN_LOSS:603215.12621359
MAX_ACCY:0.17281553
