MIN_LOSS:10511.59622459
MAX_ACCY:0.18883495
