MIN_LOSS:15065758.07378641
MAX_ACCY:0.18883495
