MIN_LOSS:8328.06362826
MAX_ACCY:0.18883495
