MIN_LOSS:177.00527367
MAX_ACCY:0.18883495
