MIN_LOSS:511.09370336
MAX_ACCY:0.18883495
