MIN_LOSS:5.22241728
MAX_ACCY:0.18883495
