MIN_LOSS:16446.62869387
MAX_ACCY:0.18883495
