MIN_LOSS:17242.55396693
MAX_ACCY:0.18883495
